0.jpg 1 2 1 641 391
1.jpg 1 1 0 655 400
10.jpg 1 1 1 822 411
11.jpg 1 1 1 806 427
12.jpg 1 0 0 823 434
13.jpg 1 0 1 733 372
14.jpg 1 1 1 775 433
15.jpg 1 1 0 768 372
16.jpg 1 1 1 866 571
17.jpg 1 0 1 744 385
18.jpg 1 1 1 714 418
19.jpg 1 1 1 835 530
2.jpg 1 1 1 612 402
20.jpg 1 0 1 779 486
3.jpg 1 1 1 635 335
4.jpg 1 1 0 602 332
5.jpg 1 0 1 565 310
6.jpg 1 0 1 612 379
7.jpg 1 1 1 635 455
8.jpg 1 0 1 638 374
9.jpg 1 0 0 586 302
h0.jpg 1 1 0 701 414
h1.jpg 1 0 0 929 490
h10.jpg 1 0 0 683 438
h11.jpg 1 0 1 611 381
h12.jpg 1 1 1 671 418
h13.jpg 1 1 1 666 429
h14.jpg 1 0 1 651 332
h15.jpg 1 1 1 784 450
h16.jpg 1 1 2 739 471
h17.jpg 1 0 1 697 416
h18.jpg 1 1 1 749 312
h19.jpg 1 1 0 679 358
h2.jpg 1 0 0 947 507
h3.jpg 1 1 1 946 512
h4.jpg 1 0 1 924 550
h5.jpg 1 1 0 917 502
h6.jpg 1 3 3 2025 884
h7.jpg 1 1 2 947 544
h8.jpg 1 0 0 945 591
h9.jpg 1 0 0 559 341